<<<<<<< HEAD
<<<<<<< HEAD
6 7 5
7 9 5
9 13 5
13 21 5
21 37 5
37 5 5
11 12 10
12 14 10
14 18 10
18 26 10
26 42 10
42 10 10
51 52 50
52 54 50
54 58 50
58 2 50
2 18 50
18 50 50
6 7 5
7 9 5
9 13 5
13 21 5
21 37 5
37 5 5
11 12 10
12 14 10
14 18 10
18 26 10
26 42 10
42 10 10
51 52 50
52 54 50
54 58 50
58 2 50
2 18 50
18 50 50
6 7 5
7 9 5
9 13 5
13 21 5
21 37 5
37 5 5
11 12 10
12 14 10
14 18 10
18 26 10
26 42 10
42 10 10
51 52 50
52 54 50
54 58 50
58 2 50
2 18 50
18 50 50
6 7 5
7 9 5
9 13 5
13 21 5
21 37 5
37 5 5
11 12 10
12 14 10
14 18 10
18 26 10
26 42 10
42 10 10
51 52 50
52 54 50
54 58 50
58 2 50
2 18 50
18 50 50
6 7 5
7 9 5
9 13 5
13 21 5
21 37 5
37 5 5
11 12 10
12 14 10
14 18 10
18 26 10
26 42 10
42 10 10
51 52 50
52 54 50
54 58 50
58 2 50
2 18 50
18 50 50
6 7 5
7 9 5
9 13 5
13 21 5
21 37 5
37 5 5
11 12 10
12 14 10
14 18 10
18 26 10
26 42 10
42 10 10
51 52 50
52 54 50
54 58 50
58 2 50
2 18 50
18 50 50
6 7 5
7 9 5
9 13 5
13 21 5
21 37 5
37 5 5
6 7 5
7 9 5
9 13 5
13 21 5
21 37 5
37 5 5
11 12 10
12 14 10
14 18 10
18 26 10
26 42 10
42 10 10
6 7 5
7 9 5
9 13 5
13 21 5
21 37 5
37 5 5
11 12 10
12 14 10
14 18 10
18 26 10
26 42 10
42 10 10
6 7 5
7 9 5
9 13 5
13 21 5
21 37 5
37 5 5
11 12 10
12 14 10
14 18 10
18 26 10
26 42 10
42 10 10
6 7 5
7 9 5
9 13 5
13 21 5
21 37 5
37 5 5
11 12 10
12 14 10
14 18 10
18 26 10
26 42 10
42 10 10
6 7 5
7 9 5
9 13 5
13 21 5
21 37 5
37 5 5
11 12 10
12 14 10
14 18 10
18 26 10
26 42 10
42 10 10
51 52 50
52 54 50
54 58 50
58 2 50
2 18 50
18 50 50
6 7 5
7 9 5
9 13 5
13 21 5
21 37 5
37 5 5
11 12 10
12 14 10
14 18 10
18 26 10
26 42 10
42 10 10
6 7 5
7 9 5
9 13 5
13 21 5
21 37 5
37 5 5
11 12 10
12 14 10
14 18 10
18 26 10
26 42 10
42 10 10
6 7 5
7 9 5
9 13 5
13 21 5
21 37 5
37 5 5
11 12 10
12 14 10
14 18 10
18 26 10
26 42 10
42 10 10
6 7 5
7 9 5
9 13 5
13 21 5
21 37 5
37 5 5
11 12 10
12 14 10
14 18 10
18 26 10
26 42 10
42 10 10
6 7 5
7 9 5
9 13 5
13 21 5
21 37 5
37 5 5
11 12 10
12 14 10
14 18 10
18 26 10
26 42 10
42 10 10
6 7 5
7 9 5
9 13 5
13 21 5
21 37 5
37 5 5
11 12 10
12 14 10
14 18 10
18 26 10
26 42 10
42 10 10
51 52 50
52 54 50
54 58 50
58 2 50
2 18 50
18 50 50
6 7 5
7 9 5
9 13 5
13 21 5
21 37 5
37 5 5
11 12 10
12 14 10
14 18 10
18 26 10
26 42 10
42 10 10
51 52 50
52 54 50
54 58 50
58 2 50
2 18 50
18 50 50
6 7 5
7 9 5
9 13 5
13 21 5
21 37 5
37 5 5
11 12 10
12 14 10
14 18 10
18 26 10
26 42 10
42 10 10
51 52 50
52 54 50
54 58 50
58 2 50
2 18 50
18 50 50
6 7 5
7 9 5
9 13 5
13 21 5
21 37 5
37 5 5
11 12 10
12 14 10
14 18 10
18 26 10
26 42 10
42 10 10
51 52 50
52 54 50
54 58 50
58 2 50
2 18 50
18 50 50
6 7 5
7 9 5
9 13 5
13 21 5
21 37 5
37 5 5
11 12 10
12 14 10
14 18 10
18 26 10
26 42 10
42 10 10
51 52 50
52 54 50
54 58 50
58 2 50
2 18 50
18 50 50
6 7 10
7 9 10
9 13 10
13 21 50
21 37 50
37 5 50
11 12 10
12 14 10
14 18 10
18 26 10
26 42 10
42 10 10
51 52 50
52 54 50
54 58 50
58 2 50
2 18 50
18 50 50
6 7 10
7 9 10
9 13 10
13 21 50
21 37 50
37 5 50
11 12 10
12 14 10
14 18 10
18 26 10
26 42 10
42 10 10
51 52 50
52 54 50
54 58 50
58 2 50
2 18 50
18 50 50
<<<<<<< HEAD
6 7 10
7 9 10
9 13 10
13 21 50
21 37 50
37 5 50
11 12 10
12 14 10
14 18 10
18 26 10
26 42 10
42 10 10
51 52 50
52 54 50
54 58 50
58 2 50
2 18 50
18 50 50
6 7 10
7 9 10
9 13 10
13 21 50
21 37 50
37 5 50
11 12 10
12 14 10
14 18 10
18 26 10
26 42 10
42 10 10
51 52 50
52 54 50
54 58 50
58 2 50
2 18 50
18 50 50
6 7 5
7 9 5
9 13 5
13 21 5
21 37 5
37 5 5
11 12 10
12 14 10
14 18 10
18 26 10
26 42 10
42 10 10
6 7 5
7 9 5
9 13 5
13 21 5
21 37 5
37 5 5
11 12 10
12 14 10
14 18 10
18 26 10
26 42 10
42 10 10
6 7 5
7 9 5
9 13 5
13 21 5
21 37 5
37 5 5
11 12 10
12 14 10
14 18 10
18 26 10
26 42 10
42 10 10
6 7 5
7 9 5
9 13 5
13 21 5
21 37 5
37 5 5
11 12 10
12 14 10
14 18 10
18 26 10
26 42 10
42 10 10
6 7 10
7 9 10
9 13 10
13 21 5
21 37 5
37 5 5
11 12 10
12 14 10
14 18 10
18 26 10
26 42 10
42 10 10
6 7 10
7 9 10
9 13 10
13 21 5
21 37 5
37 5 5
11 12 10
12 14 10
14 18 10
18 26 10
26 42 10
42 10 10
6 7 10
7 9 10
9 13 10
13 21 5
21 37 5
37 5 5
11 12 10
12 14 10
14 18 10
18 26 10
26 42 10
42 10 10
6 7 10
7 9 10
9 13 10
13 21 5
21 37 5
37 5 5
11 12 10
12 14 10
14 18 10
18 26 10
26 42 10
42 10 10
11 12 10
12 14 10
14 18 10
18 26 10
26 42 10
42 10 10
11 12 10
12 14 10
14 18 10
18 26 10
26 42 10
42 10 10
11 12 10
12 14 10
14 18 10
18 26 10
26 42 10
42 10 10
11 12 10
12 14 10
14 18 10
18 26 10
26 42 10
42 10 10
6 7 5
7 9 5
9 13 5
13 21 5
21 37 5
37 5 5
11 12 10
12 14 10
14 18 10
18 26 10
26 42 10
42 10 10
6 7 5
7 9 5
9 13 5
13 21 5
21 37 5
37 5 5
11 12 10
12 14 10
14 18 10
18 26 10
26 42 10
42 10 10
=======
>>>>>>> d2d1a492395ba5557966d7448328118bf6515d55
6 7 5
7 9 5
9 13 5
13 21 5
21 37 5
37 5 5
11 12 10
12 14 10
14 18 10
18 26 10
26 42 10
42 10 10
<<<<<<< HEAD
6 7 10
7 9 10
9 13 10
13 21 5
21 37 5
37 5 5
11 12 10
12 14 10
14 18 10
18 26 10
26 42 10
42 10 10
6 7 10
7 9 10
9 13 10
13 21 5
21 37 5
37 5 5
11 12 10
12 14 10
14 18 10
18 26 10
26 42 10
42 10 10
6 7 10
7 9 10
9 13 10
13 21 5
21 37 5
37 5 5
11 12 10
12 14 10
14 18 10
18 26 10
26 42 10
42 10 10
6 7 10
7 9 10
9 13 10
13 21 5
21 37 5
37 5 5
11 12 10
12 14 10
14 18 10
18 26 10
26 42 10
42 10 10
6 7 10
7 9 10
9 13 10
13 21 5
21 37 5
37 5 5
11 12 10
12 14 10
14 18 10
18 26 10
26 42 10
42 10 10
6 7 10
7 9 10
9 13 10
13 21 5
21 37 5
37 5 5
11 12 10
12 14 10
14 18 10
18 26 10
26 42 10
42 10 10
11 12 10
12 14 10
14 18 10
18 26 10
26 42 10
42 10 10
11 12 10
12 14 10
14 18 10
18 26 10
26 42 10
42 10 10
11 12 10
12 14 10
14 18 10
18 26 10
26 42 10
42 10 10
11 12 10
12 14 10
14 18 10
18 26 10
26 42 10
42 10 10
11 12 10
12 14 10
14 18 10
18 26 10
26 42 10
42 10 10
11 12 10
12 14 10
14 18 10
18 26 10
26 42 10
42 10 10
11 12 10
12 14 10
14 18 10
18 26 10
26 42 10
42 10 10
11 12 10
12 14 10
14 18 10
18 26 10
26 42 10
42 10 10
11 12 10
12 14 10
14 18 10
18 26 10
26 42 10
42 10 10
11 12 10
12 14 10
14 18 10
18 26 10
26 42 10
42 10 10
11 12 10
12 14 10
14 18 10
18 26 10
26 42 10
42 10 10
11 12 10
12 14 10
14 18 10
18 26 10
26 42 10
42 10 10
11 12 10
12 14 10
14 18 10
18 26 10
26 42 10
42 10 10
=======
>>>>>>> d2d1a492395ba5557966d7448328118bf6515d55
6 7 5
7 9 5
9 13 5
13 21 5
21 37 5
37 5 5
11 12 10
12 14 10
14 18 10
18 26 10
26 42 10
42 10 10
6 7 5
7 9 5
9 13 5
13 21 5
21 37 5
37 5 5
11 12 10
12 14 10
14 18 10
18 26 10
26 42 10
42 10 10
6 7 5
7 9 5
9 13 5
13 21 5
21 37 5
37 5 5
11 12 10
12 14 10
14 18 10
18 26 10
26 42 10
42 10 10
6 7 10
7 9 10
9 13 10
13 21 5
21 37 5
37 5 5
11 12 5
12 14 5
14 18 5
18 26 5
26 42 5
42 10 5
6 7 10
7 9 10
9 13 10
13 21 5
21 37 5
37 5 5
11 12 5
12 14 5
14 18 5
18 26 5
26 42 5
42 10 5
6 7 10
7 9 10
9 13 10
13 21 5
21 37 5
37 5 5
11 12 5
12 14 5
14 18 5
18 26 5
26 42 5
42 10 5
6 7 10
7 9 10
9 13 10
13 21 5
21 37 5
37 5 5
11 12 5
12 14 5
14 18 5
18 26 5
26 42 5
42 10 5
6 7 10
7 9 10
9 13 10
13 21 5
21 37 5
37 5 5
6 7 10
7 9 10
9 13 10
13 21 5
21 37 5
37 5 5
6 7 10
7 9 10
9 13 10
13 21 5
21 37 5
37 5 5
6 7 10
7 9 10
9 13 10
13 21 5
21 37 5
37 5 5
6 7 10
7 9 10
9 13 10
13 21 5
21 37 5
37 5 5
6 7 10
7 9 10
9 13 10
13 21 5
21 37 5
37 5 5
6 7 10
7 9 10
9 13 10
13 21 5
21 37 5
37 5 5
6 7 10
7 9 10
9 13 10
13 21 5
21 37 5
37 5 5
6 7 10
7 9 10
9 13 10
13 21 5
21 37 5
37 5 5
6 7 10
7 9 10
9 13 10
13 21 5
21 37 5
37 5 5
6 7 10
7 9 10
9 13 10
13 21 5
21 37 5
37 5 5
6 7 10
7 9 10
9 13 10
13 21 5
21 37 5
37 5 5
6 7 10
7 9 10
9 13 10
13 21 5
21 37 5
37 5 5
6 7 10
7 9 10
9 13 10
13 21 5
21 37 5
37 5 5
6 7 10
7 9 10
9 13 10
13 21 5
21 37 5
37 5 5
6 7 10
7 9 10
9 13 10
13 21 5
21 37 5
37 5 5
6 7 10
7 9 10
9 13 10
13 21 5
21 37 5
37 5 5
6 7 10
7 9 10
9 13 10
13 21 5
21 37 5
37 5 5
6 7 10
7 9 10
9 13 10
13 21 5
21 37 5
37 5 5
6 7 10
7 9 10
9 13 10
13 21 5
21 37 5
37 5 5
6 7 10
7 9 10
9 13 10
13 21 5
21 37 5
37 5 5
6 7 10
7 9 10
9 13 10
13 21 5
21 37 5
37 5 5
6 7 10
7 9 10
9 13 10
13 21 5
21 37 5
37 5 5
6 7 10
7 9 10
9 13 10
13 21 5
21 37 5
37 5 5
6 7 10
7 9 10
9 13 10
13 21 5
21 37 5
37 5 5
6 7 10
7 9 10
9 13 10
13 21 5
21 37 5
37 5 5
6 7 10
7 9 10
9 13 10
13 21 5
21 37 5
37 5 5
6 7 10
7 9 10
9 13 10
13 21 5
21 37 5
37 5 5
6 7 10
7 9 10
9 13 10
13 21 5
21 37 5
37 5 5
6 7 10
7 9 10
9 13 10
13 21 5
21 37 5
37 5 5
6 7 10
7 9 10
9 13 10
13 21 5
21 37 5
37 5 5
6 7 10
7 9 10
9 13 10
13 21 5
21 37 5
37 5 5
6 7 10
7 9 10
9 13 10
13 21 5
21 37 5
37 5 5
6 7 10
7 9 10
9 13 10
13 21 5
21 37 5
37 5 5
6 7 10
7 9 10
9 13 10
13 21 5
21 37 5
37 5 5
6 7 10
7 9 10
9 13 10
13 21 5
21 37 5
37 5 5
6 7 10
7 9 10
9 13 10
13 21 5
21 37 5
37 5 5
6 7 5
7 9 5
9 13 5
13 21 5
21 37 5
37 5 5
11 12 10
12 14 10
14 18 10
18 26 10
26 42 10
42 10 10
6 7 5
7 9 5
9 13 5
13 21 5
21 37 5
37 5 5
11 12 10
12 14 10
14 18 10
18 26 10
26 42 10
42 10 10
6 7 5
7 9 5
9 13 5
13 21 5
21 37 5
37 5 5
11 12 9
12 14 9
14 18 13
18 26 13
26 42 21
42 10 37
6 7 10
7 9 10
9 13 10
13 21 9
21 37 13
37 5 21
11 12 11
12 14 11
14 18 13
18 26 13
26 42 21
42 10 37
6 7 10
7 9 10
9 13 10
13 21 12
21 37 18
37 5 26
11 12 11
12 14 11
14 18 13
18 26 13
26 42 21
42 10 37
6 7 10
7 9 10
9 13 10
13 21 12
21 37 13
37 5 21
11 12 11
12 14 11
14 18 13
18 26 13
26 42 21
42 10 37
6 7 10
7 9 10
9 13 10
13 21 12
21 37 18
37 5 26
11 12 11
12 14 11
14 18 13
18 26 13
26 42 21
42 10 37
6 7 10
7 9 10
9 13 10
13 21 12
21 37 13
37 5 21
-------------------------------------------------------------------------6 7 5
7 9 5
9 13 5
13 21 5
21 37 5
37 5 5
-------------------------------------------------------------------------11 12 10
12 14 10
14 18 10
18 26 10
26 42 10
42 10 10
-------------------------------------------------------------------------6 7 5
7 9 5
9 13 5
13 21 5
21 37 5
37 5 5
-------------------------------------------------------------------------11 12 10
12 14 10
14 18 10
18 26 10
26 42 10
42 10 10
-------------------------------------------------------------------------6 7 5
7 9 5
9 13 5
13 21 5
21 37 5
37 5 5
-------------------------------------------------------------------------11 12 10
12 14 10
14 18 10
18 26 10
26 42 10
42 10 10
-------------------------------------------------------------------------6 7 5
7 9 5
9 13 5
13 21 5
21 37 5
37 5 5
-------------------------------------------------------------------------11 12 10
12 14 10
14 18 5
18 26 5
26 42 5
42 10 5
-------------------------------------------------------------------------6 7 10
7 9 10
9 13 10
13 21 10
21 37 10
37 5 10
-------------------------------------------------------------------------11 12 10
12 14 10
14 18 10
18 26 10
26 42 10
42 10 10
-------------------------------------------------------------------------6 7 10
7 9 10
9 13 10
13 21 10
21 37 10
37 5 10
-------------------------------------------------------------------------11 12 10
12 14 10
14 18 10
18 26 10
26 42 10
42 10 10
-------------------------------------------------------------------------6 7 10
7 9 10
9 13 10
13 21 10
21 37 10
37 5 10
-------------------------------------------------------------------------11 12 10
12 14 10
14 18 10
18 26 10
26 42 10
42 10 10
-------------------------------------------------------------------------6 7 10
7 9 10
9 13 10
13 21 10
21 37 10
37 5 10
-------------------------------------------------------------------------11 12 10
12 14 10
14 18 10
18 26 10
26 42 10
42 10 10
-------------------------------------------------------------------------
6 7 5
7 9 5
9 13 5
13 21 5
21 37 5
37 5 5
-------------------------------------------------------------------------
11 12 10
12 14 10
14 18 10
18 26 10
26 42 10
42 10 10
-------------------------------------------------------------------------
11 12 10
12 14 10
14 18 5
18 26 5
26 42 5
42 10 5
-------------------------------------------------------------------------
6 7 10
7 9 10
9 13 10
13 21 10
21 37 10
37 5 10
-------------------------------------------------------------------------
11 12 10
12 14 10
14 18 10
18 26 10
26 42 10
42 10 10
-------------------------------------------------------------------------
6 7 10
7 9 10
9 13 10
13 21 10
21 37 10
37 5 10
-------------------------------------------------------------------------
11 12 10
12 14 10
14 18 10
18 26 10
26 42 10
42 10 10
-------------------------------------------------------------------------
6 7 10
7 9 10
9 13 10
13 21 10
21 37 10
37 5 10
-------------------------------------------------------------------------
11 12 10
12 14 10
14 18 10
18 26 10
26 42 10
42 10 10
-------------------------------------------------------------------------
6 7 10
7 9 10
9 13 10
13 21 10
21 37 10
37 5 10
-------------------------------------------------------------------------
11 12 10
12 14 10
14 18 10
18 26 10
26 42 10
42 10 10
-------------------------------------------------------------------------
6 7 10
7 9 10
9 13 10
13 21 10
21 37 10
37 5 10
-------------------------------------------------------------------------
11 12 10
12 14 10
14 18 10
18 26 10
26 42 10
42 10 10
-------------------------------------------------------------------------
6 7 5
7 9 5
9 13 5
13 21 5
21 37 5
37 5 5
-------------------------------------------------------------------------
-------------------------------------------------------------------------
11 12 10
12 14 10
14 18 10
18 26 10
26 42 10
42 10 10
-------------------------------------------------------------------------
-------------------------------------------------------------------------
11 12 10
12 14 10
14 18 5
18 26 5
26 42 5
42 10 5
-------------------------------------------------------------------------
-------------------------------------------------------------------------
6 7 10
7 9 10
9 13 10
13 21 10
21 37 10
37 5 10
-------------------------------------------------------------------------
-------------------------------------------------------------------------
11 12 10
12 14 10
14 18 10
18 26 10
26 42 10
42 10 10
-------------------------------------------------------------------------
-------------------------------------------------------------------------
6 7 10
7 9 10
9 13 10
13 21 10
21 37 10
37 5 10
-------------------------------------------------------------------------
-------------------------------------------------------------------------
11 12 10
12 14 10
14 18 10
18 26 10
26 42 10
42 10 10
-------------------------------------------------------------------------
-------------------------------------------------------------------------
6 7 5
7 9 5
9 13 5
13 21 5
21 37 5
37 5 5
-------------------------------------------------------------------------
-------------------------------------------------------------------------
11 12 10
12 14 10
14 18 10
18 26 10
26 42 10
42 10 10
-------------------------------------------------------------------------
-------------------------------------------------------------------------
6 7 5
7 9 5
9 13 5
13 21 5
21 37 5
37 5 5
-------------------------------------------------------------------------
11 12 10
12 14 10
14 18 10
18 26 10
26 42 10
42 10 10
-------------------------------------------------------------------------
6 7 10
7 9 10
9 13 10
13 21 10
21 37 10
37 5 10
-------------------------------------------------------------------------
11 12 10
12 14 10
14 18 10
18 26 10
26 42 10
42 10 10
-------------------------------------------------------------------------
6 7 10
7 9 10
9 13 10
13 21 5
21 37 5
37 5 5
-------------------------------------------------------------------------
11 12 5
12 14 5
14 18 5
18 26 5
26 42 5
42 10 5
-------------------------------------------------------------------------
6 7 5
7 9 5
9 13 5
13 21 5
21 37 5
37 5 5
-------------------------------------------------------------------------
11 12 10
12 14 10
14 18 10
18 26 10
26 42 10
42 10 10
-------------------------------------------------------------------------
6 7 10
7 9 10
9 13 10
13 21 5
21 37 5
37 5 5
-------------------------------------------------------------------------
11 12 10
12 14 10
14 18 5
18 26 5
26 42 5
42 10 5
-------------------------------------------------------------------------
6 7 10
7 9 10
9 13 10
13 21 5
21 37 5
37 5 5
-------------------------------------------------------------------------
11 12 5
12 14 5
14 18 5
18 26 5
26 42 5
42 10 5
-------------------------------------------------------------------------
6 7 10
7 9 10
9 13 10
13 21 5
21 37 5
37 5 5
-------------------------------------------------------------------------
11 12 10
12 14 10
14 18 5
18 26 5
26 42 5
42 10 5
-------------------------------------------------------------------------
6 7 10
7 9 10
9 13 10
13 21 5
21 37 5
37 5 5
-------------------------------------------------------------------------
11 12 5
12 14 5
14 18 5
18 26 5
26 42 5
42 10 5
-------------------------------------------------------------------------
6 7 10
7 9 10
9 13 10
13 21 5
21 37 5
37 5 5
-------------------------------------------------------------------------
11 12 10
12 14 10
14 18 5
18 26 5
26 42 5
42 10 5
-------------------------------------------------------------------------
6 7 10
7 9 10
9 13 10
13 21 5
21 37 5
37 5 5
-------------------------------------------------------------------------
11 12 5
12 14 5
14 18 5
18 26 5
26 42 5
42 10 5
-------------------------------------------------------------------------
6 7 10
7 9 10
9 13 10
13 21 5
21 37 5
37 5 5
-------------------------------------------------------------------------
11 12 10
12 14 10
14 18 5
18 26 5
26 42 5
42 10 5
-------------------------------------------------------------------------
6 7 10
7 9 10
9 13 10
13 21 5
21 37 5
37 5 5
-------------------------------------------------------------------------
11 12 5
12 14 5
14 18 5
18 26 5
26 42 5
42 10 5
-------------------------------------------------------------------------
6 7 5
7 9 5
9 13 5
13 21 5
21 37 5
37 5 5
-------------------------------------------------------------------------
11 12 10
12 14 10
14 18 10
18 26 10
26 42 10
42 10 10
-------------------------------------------------------------------------
11 12 5
12 14 5
14 18 5
18 26 5
26 42 5
42 10 5
-------------------------------------------------------------------------
6 7 10
7 9 10
9 13 10
13 21 5
21 37 5
37 5 5
-------------------------------------------------------------------------
11 12 5
12 14 5
14 18 5
18 26 5
26 42 5
42 10 5
-------------------------------------------------------------------------
6 7 5
7 9 5
9 13 5
13 21 5
21 37 5
37 5 5
-------------------------------------------------------------------------
11 12 10
12 14 10
14 18 10
18 26 10
26 42 10
42 10 10
-------------------------------------------------------------------------
6 7 5
7 9 5
9 13 5
13 21 5
21 37 5
37 5 5
-------------------------------------------------------------------------
11 12 10
12 14 10
14 18 10
18 26 10
26 42 10
42 10 10
-------------------------------------------------------------------------
6 7 5
7 9 5
9 13 5
13 21 5
21 37 5
37 5 5
-------------------------------------------------------------------------
11 12 10
12 14 10
14 18 10
18 26 10
26 42 10
42 10 10
-------------------------------------------------------------------------
6 7 5
7 9 5
9 13 5
13 21 5
21 37 5
37 5 5
-------------------------------------------------------------------------
11 12 10
12 14 10
14 18 10
18 26 10
26 42 10
42 10 10
-------------------------------------------------------------------------
6 7 5
7 9 5
9 13 5
13 21 5
21 37 5
37 5 5
-------------------------------------------------------------------------
11 12 10
12 14 10
14 18 10
18 26 10
26 42 10
42 10 10
-------------------------------------------------------------------------
6 7 5
7 9 5
9 13 5
13 21 5
21 37 5
37 5 5
-------------------------------------------------------------------------
11 12 10
12 14 10
14 18 10
18 26 10
26 42 10
42 10 10
-------------------------------------------------------------------------
6 7 5
7 9 5
9 13 5
13 21 5
21 37 5
37 5 5
-------------------------------------------------------------------------
11 12 10
12 14 10
14 18 10
18 26 10
26 42 10
42 10 10
6 7 5
7 9 5
9 13 5
13 21 5
21 37 5
37 5 5
11 12 10
12 14 10
14 18 10
18 26 10
26 42 10
42 10 10
6 7 5
7 9 5
9 13 5
13 21 5
21 37 5
37 5 5
11 12 10
12 14 10
14 18 10
18 26 10
26 42 10
42 10 10
6 7 5
7 9 5
9 13 5
13 21 5
21 37 5
37 5 5
11 12 10
12 14 10
14 18 10
18 26 10
26 42 10
42 10 10
41 42 40
42 44 40
44 48 40
48 56 40
56 8 40
8 40 40
6 7 5
7 9 5
9 13 5
13 21 5
21 37 5
37 5 5
11 12 10
12 14 10
14 18 10
18 26 10
26 42 10
42 10 10
41 42 40
42 44 40
44 48 40
48 56 40
56 8 40
8 40 40
-------------------------------------------------------------------------
6 7 5
7 9 5
9 13 5
13 21 5
21 37 5
37 5 5
-------------------------------------------------------------------------
11 12 10
12 14 10
14 18 10
18 26 10
26 42 10
42 10 10
-------------------------------------------------------------------------
6 7 5
7 9 5
9 13 5
13 21 5
21 37 5
37 5 5
-------------------------------------------------------------------------
11 12 10
12 14 10
14 18 10
18 26 10
26 42 10
42 10 10
-------------------------------------------------------------------------
6 7 5
7 9 5
9 13 5
13 21 5
21 37 5
37 5 5
-------------------------------------------------------------------------
11 12 10
12 14 10
14 18 10
18 26 10
26 42 10
42 10 10
-------------------------------------------------------------------------
6 7 5
7 9 5
9 13 5
13 21 5
21 37 5
37 5 5
-------------------------------------------------------------------------
9 10 8
10 12 8
12 16 8
16 24 8
24 40 8
40 8 8
-------------------------------------------------------------------------
<<<<<<< Updated upstream
9 10 8
10 12 8
12 16 8
16 24 8
24 40 8
40 8 8
<<<<<<< HEAD
-------------------------------------------------------------------------
6 7 5
7 9 5
9 13 5
13 21 5
21 37 5
37 5 5
-------------------------------------------------------------------------
11 12 10
12 14 10
14 18 10
18 26 10
26 42 10
42 10 10
-------------------------------------------------------------------------
6 7 5
7 9 5
9 13 5
13 21 5
21 37 5
37 5 5
-------------------------------------------------------------------------
11 12 10
12 14 10
14 18 10
18 26 10
26 42 10
42 10 10
-------------------------------------------------------------------------
6 7 5
7 9 5
9 13 5
13 21 5
21 37 5
37 5 5
-------------------------------------------------------------------------
11 12 10
12 14 10
14 18 10
18 26 10
26 42 10
42 10 10
-------------------------------------------------------------------------
6 7 5
7 9 5
9 13 5
13 21 5
21 37 5
37 5 5
-------------------------------------------------------------------------
6 7 5
7 9 5
9 13 5
13 21 5
21 37 5
37 5 5
-------------------------------------------------------------------------
11 12 10
12 14 10
14 18 10
18 26 10
26 42 10
42 10 10
-------------------------------------------------------------------------
6 7 5
7 9 5
9 13 5
13 21 5
21 37 5
37 5 5
-------------------------------------------------------------------------
6 7 5
7 9 5
9 13 5
13 21 5
21 37 5
37 5 5
-------------------------------------------------------------------------
11 12 10
12 14 10
14 18 10
18 26 10
26 42 10
42 10 10
-------------------------------------------------------------------------
6 7 5
7 9 5
9 13 5
13 21 5
21 37 5
37 5 5
-------------------------------------------------------------------------
6 7 5
7 9 5
9 13 5
13 21 5
21 37 5
37 5 5
-------------------------------------------------------------------------
11 12 10
12 14 10
14 18 10
18 26 10
26 42 10
42 10 10
-------------------------------------------------------------------------
6 7 5
7 9 5
9 13 5
13 21 5
21 37 5
37 5 5
-------------------------------------------------------------------------
6 7 5
7 9 5
9 13 5
13 21 5
21 37 5
37 5 5
-------------------------------------------------------------------------
11 12 10
12 14 10
14 18 10
18 26 10
26 42 10
42 10 10
-------------------------------------------------------------------------
6 7 5
7 9 5
9 13 5
13 21 5
21 37 5
37 5 5
-------------------------------------------------------------------------
6 7 5
7 9 5
9 13 5
13 21 5
21 37 5
37 5 5
-------------------------------------------------------------------------
11 12 10
12 14 10
14 18 10
18 26 10
26 42 10
42 10 10
-------------------------------------------------------------------------
6 7 5
7 9 5
9 13 5
13 21 5
21 37 5
37 5 5
-------------------------------------------------------------------------
11 12 10
12 14 10
14 18 10
18 26 10
26 42 10
42 10 10
-------------------------------------------------------------------------
6 7 5
7 9 5
9 13 5
13 21 5
21 37 5
37 5 5
-------------------------------------------------------------------------
6 7 5
7 9 5
9 13 5
13 21 5
21 37 5
37 5 5
-------------------------------------------------------------------------
6 7 5
7 9 5
9 13 5
13 21 5
21 37 5
37 5 5
-------------------------------------------------------------------------
11 12 10
12 14 10
14 18 10
18 26 10
26 42 10
42 10 10
-------------------------------------------------------------------------
6 7 5
7 9 5
9 13 5
13 21 5
21 37 5
37 5 5
-------------------------------------------------------------------------
6 7 5
7 9 5
9 13 5
13 21 5
21 37 5
37 5 5
-------------------------------------------------------------------------
6 7 5
7 9 5
9 13 5
13 21 5
21 37 5
37 5 5
-------------------------------------------------------------------------
11 12 10
12 14 10
14 18 10
18 26 10
26 42 10
42 10 10
-------------------------------------------------------------------------
6 7 5
7 9 5
9 13 5
13 21 5
21 37 5
37 5 5
-------------------------------------------------------------------------
6 7 5
7 9 5
9 13 5
13 21 5
21 37 5
37 5 5
-------------------------------------------------------------------------
11 12 10
12 14 10
14 18 10
18 26 10
26 42 10
42 10 10
-------------------------------------------------------------------------
6 7 5
7 9 5
9 13 5
13 21 5
21 37 5
37 5 5
-------------------------------------------------------------------------
11 12 10
12 14 10
14 18 10
18 26 10
26 42 10
42 10 10
-------------------------------------------------------------------------
6 7 5
7 9 5
9 13 5
13 21 5
21 37 5
37 5 5
-------------------------------------------------------------------------
11 12 10
12 14 10
14 18 10
18 26 10
26 42 10
42 10 10
-------------------------------------------------------------------------
6 7 5
7 9 5
9 13 5
13 21 5
21 37 5
37 5 5
-------------------------------------------------------------------------
11 12 10
12 14 10
14 18 10
18 26 10
26 42 10
42 10 10
-------------------------------------------------------------------------
6 7 5
7 9 5
9 13 5
13 21 5
21 37 5
37 5 5
-------------------------------------------------------------------------
6 7 5
7 9 5
9 13 5
13 21 5
21 37 5
37 5 5
-------------------------------------------------------------------------
11 12 10
12 14 10
14 18 10
18 26 10
26 42 10
42 10 10
-------------------------------------------------------------------------
6 7 5
7 9 5
9 13 5
13 21 5
21 37 5
37 5 5
-------------------------------------------------------------------------
6 7 5
7 9 5
9 13 5
13 21 5
21 37 5
37 5 5
-------------------------------------------------------------------------
11 12 10
12 14 10
14 18 10
18 26 10
26 42 10
42 10 10
-------------------------------------------------------------------------
6 7 5
7 9 5
9 13 5
13 21 5
21 37 5
37 5 5
-------------------------------------------------------------------------
6 7 5
7 9 5
9 13 5
13 21 5
21 37 5
37 5 5
-------------------------------------------------------------------------
11 12 10
12 14 10
14 18 10
18 26 10
26 42 10
42 10 10
-------------------------------------------------------------------------
6 7 5
7 9 5
9 13 5
13 21 5
21 37 5
37 5 5
-------------------------------------------------------------------------
6 7 5
7 9 5
9 13 5
13 21 5
21 37 5
37 5 5
-------------------------------------------------------------------------
11 12 10
12 14 10
14 18 10
18 26 10
26 42 10
42 10 10
-------------------------------------------------------------------------
6 7 5
7 9 5
9 13 5
13 21 5
21 37 5
37 5 5
-------------------------------------------------------------------------
6 7 5
7 9 5
9 13 5
13 21 5
21 37 5
37 5 5
-------------------------------------------------------------------------
11 12 10
12 14 10
14 18 10
18 26 10
26 42 10
42 10 10
-------------------------------------------------------------------------
6 7 5
7 9 5
9 13 5
13 21 5
21 37 5
37 5 5
-------------------------------------------------------------------------
6 7 5
7 9 5
9 13 5
13 21 5
21 37 5
37 5 5
-------------------------------------------------------------------------
11 12 10
12 14 10
14 18 10
18 26 10
26 42 10
42 10 10
-------------------------------------------------------------------------
6 7 5
7 9 5
9 13 5
13 21 5
21 37 5
37 5 5
=======
=======
57 58 56
58 60 56
60 64 56
64 8 56
8 24 56
24 56 56
>>>>>>> Stashed changes
<<<<<<< Updated upstream
>>>>>>> 7ffa5ab375d3c0eb10963bafd689da0949db4e0a
<<<<<<< HEAD
=======
=======
-------------------------------------------------------------------------
6 7 5
7 9 5
9 13 5
13 21 5
21 37 5
37 5 5
-------------------------------------------------------------------------
11 12 10
12 14 10
14 18 10
18 26 10
26 42 10
42 10 10
-------------------------------------------------------------------------
6 7 5
7 9 5
9 13 5
13 21 5
21 37 5
37 5 5
-------------------------------------------------------------------------
11 12 10
12 14 10
14 18 10
18 26 10
26 42 10
42 10 10
-------------------------------------------------------------------------
6 7 5
7 9 5
9 13 5
13 21 5
21 37 5
37 5 5
-------------------------------------------------------------------------
11 12 10
12 14 10
14 18 10
18 26 10
26 42 10
42 10 10
-------------------------------------------------------------------------
6 7 5
7 9 5
9 13 5
13 21 5
21 37 5
37 5 5
-------------------------------------------------------------------------
11 12 10
12 14 10
14 18 10
18 26 10
26 42 10
42 10 10
-------------------------------------------------------------------------
6 7 5
7 9 5
9 13 5
13 21 5
21 37 5
37 5 5
-------------------------------------------------------------------------
11 12 10
12 14 10
14 18 10
18 26 10
26 42 10
42 10 10
-------------------------------------------------------------------------
6 7 5
7 9 5
9 13 5
13 21 5
21 37 5
37 5 5
-------------------------------------------------------------------------
11 12 10
12 14 10
14 18 10
18 26 10
26 42 10
42 10 10
-------------------------------------------------------------------------
6 7 5
7 9 5
9 13 5
13 21 5
21 37 5
37 5 5
-------------------------------------------------------------------------
11 12 10
12 14 10
14 18 10
18 26 10
26 42 10
42 10 10
-------------------------------------------------------------------------
6 7 5
7 9 5
9 13 5
13 21 5
21 37 5
37 5 5
-------------------------------------------------------------------------
11 12 10
12 14 10
14 18 10
18 26 10
26 42 10
42 10 10
>>>>>>> Stashed changes
-------------------------------------------------------------------------
6 7 5
7 9 5
9 13 5
13 21 5
21 37 5
37 5 5
-------------------------------------------------------------------------
11 12 10
12 14 10
14 18 10
18 26 10
26 42 10
42 10 10
-------------------------------------------------------------------------
6 7 5
7 9 5
9 13 5
13 21 5
21 37 5
37 5 5
>>>>>>> 1a6ff9a9394d3bfa2728734d9a06857aab01020a
-------------------------------------------------------------------------
6 7 5
7 9 5
9 13 5
13 21 5
21 37 5
37 5 5
-------------------------------------------------------------------------
11 12 10
12 14 10
14 18 10
18 26 10
26 42 10
42 10 10
-------------------------------------------------------------------------
6 7 5
7 9 5
9 13 5
13 21 5
21 37 5
37 5 5
-------------------------------------------------------------------------
6 7 5
7 9 5
9 13 5
13 21 5
21 37 5
37 5 5
-------------------------------------------------------------------------
11 12 10
12 14 10
14 18 10
18 26 10
26 42 10
42 10 10
-------------------------------------------------------------------------
6 7 5
7 9 5
9 13 5
13 21 5
21 37 5
37 5 5
-------------------------------------------------------------------------
6 7 5
7 9 5
9 13 5
13 21 5
21 37 5
37 5 5
-------------------------------------------------------------------------
11 12 10
12 14 10
14 18 10
18 26 10
26 42 10
42 10 10
-------------------------------------------------------------------------
6 7 5
7 9 5
9 13 5
13 21 5
21 37 5
37 5 5
-------------------------------------------------------------------------
6 7 5
7 9 5
9 13 5
13 21 5
21 37 5
37 5 5
-------------------------------------------------------------------------
11 12 10
12 14 10
14 18 10
18 26 10
26 42 10
42 10 10
-------------------------------------------------------------------------
6 7 5
7 9 5
9 13 5
13 21 5
21 37 5
37 5 5
-------------------------------------------------------------------------
6 7 5
7 9 5
9 13 5
13 21 5
21 37 5
37 5 5
-------------------------------------------------------------------------
11 12 10
12 14 10
14 18 10
18 26 10
26 42 10
42 10 10
-------------------------------------------------------------------------
6 7 5
7 9 5
9 13 5
13 21 5
21 37 5
37 5 5
-------------------------------------------------------------------------
11 12 10
12 14 10
14 18 10
18 26 10
26 42 10
42 10 10
-------------------------------------------------------------------------
6 7 5
7 9 5
9 13 5
13 21 5
21 37 5
37 5 5
-------------------------------------------------------------------------
11 12 10
12 14 10
14 18 10
18 26 10
26 42 10
42 10 10
-------------------------------------------------------------------------
6 7 5
7 9 5
9 13 5
13 21 5
21 37 5
37 5 5
-------------------------------------------------------------------------
6 7 5
7 9 5
9 13 5
13 21 5
21 37 5
37 5 5
-------------------------------------------------------------------------
6 7 5
7 9 5
9 13 5
13 21 5
21 37 5
37 5 5
-------------------------------------------------------------------------
6 7 5
7 9 5
9 13 5
13 21 5
21 37 5
37 5 5
-------------------------------------------------------------------------
6 7 5
7 9 5
9 13 5
13 21 5
21 37 5
37 5 5
-------------------------------------------------------------------------
6 7 5
7 9 5
9 13 5
13 21 5
21 37 5
37 5 5
-------------------------------------------------------------------------
41 42 40
42 44 40
44 48 40
48 56 40
56 8 40
8 40 40
-------------------------------------------------------------------------
6 7 5
7 9 5
9 13 5
13 21 5
21 37 5
37 5 5
-------------------------------------------------------------------------
41 42 40
42 44 40
44 48 40
48 56 40
56 8 40
8 40 40
-------------------------------------------------------------------------
6 7 5
7 9 5
9 13 5
13 21 5
21 37 5
37 5 5
-------------------------------------------------------------------------
41 42 40
42 44 40
44 48 40
48 56 40
56 8 40
8 40 40
-------------------------------------------------------------------------
6 7 5
7 9 5
9 13 5
13 21 5
21 37 5
37 5 5
-------------------------------------------------------------------------
41 42 40
42 44 40
44 48 40
48 56 40
56 8 40
8 40 40
-------------------------------------------------------------------------
6 7 5
7 9 5
9 13 5
13 21 5
21 37 5
37 5 5
-------------------------------------------------------------------------
41 42 40
42 44 40
44 48 40
48 56 40
56 8 40
8 40 40
-------------------------------------------------------------------------
6 7 5
7 9 5
9 13 5
13 21 5
21 37 5
37 5 5
-------------------------------------------------------------------------
41 42 40
42 44 40
44 48 40
48 56 40
56 8 40
8 40 40
-------------------------------------------------------------------------
6 7 5
7 9 5
9 13 5
13 21 5
21 37 5
37 5 5
-------------------------------------------------------------------------
41 42 40
42 44 40
44 48 40
48 56 40
56 8 40
8 40 40
-------------------------------------------------------------------------
6 7 5
7 9 5
9 13 5
13 21 5
21 37 5
37 5 5
-------------------------------------------------------------------------
4 5 5
3 4 5
1 3 5
61 1 5
53 61 5
37 53 5
-------------------------------------------------------------------------
11 12 10
12 14 10
14 18 10
18 26 10
26 42 10
42 10 10
-------------------------------------------------------------------------
9 10 10
8 9 10
6 8 10
2 6 10
58 2 10
42 58 10
-------------------------------------------------------------------------
6 7 5
7 9 5
9 13 5
13 21 5
21 37 5
37 5 5
-------------------------------------------------------------------------
4 5 5
3 4 5
1 3 5
61 1 5
53 61 5
37 53 5
-------------------------------------------------------------------------
11 12 10
12 14 10
14 18 10
18 26 10
26 42 10
42 10 10
-------------------------------------------------------------------------
9 10 10
8 9 10
6 8 10
2 6 10
58 2 10
42 58 10
-------------------------------------------------------------------------
6 7 5
7 9 5
9 13 5
13 21 5
21 37 5
37 5 5
-------------------------------------------------------------------------
4 5 5
3 4 5
1 3 5
61 1 5
53 61 5
37 53 5
-------------------------------------------------------------------------
11 12 10
12 14 10
14 18 10
18 26 10
26 42 10
42 10 10
-------------------------------------------------------------------------
9 10 10
8 9 10
6 8 10
2 6 10
58 2 10
42 58 10
-------------------------------------------------------------------------
6 7 5
7 9 5
9 13 5
13 21 5
21 37 5
37 5 5
-------------------------------------------------------------------------
4 5 5
3 4 5
1 3 5
61 1 5
53 61 5
37 53 5
-------------------------------------------------------------------------
11 12 10
12 14 10
14 18 10
18 26 10
26 42 10
42 10 10
-------------------------------------------------------------------------
9 10 10
8 9 10
6 8 10
2 6 10
58 2 10
42 58 10
-------------------------------------------------------------------------
6 7 5
7 9 5
9 13 5
13 21 5
21 37 5
37 5 5
-------------------------------------------------------------------------
4 5 5
3 4 5
1 3 5
61 1 5
53 61 5
37 53 5
-------------------------------------------------------------------------
11 12 10
12 14 10
14 18 10
18 26 10
26 42 10
42 10 10
-------------------------------------------------------------------------
9 10 10
8 9 10
6 8 10
2 6 10
58 2 10
42 58 10
-------------------------------------------------------------------------
6 7 5
7 9 5
9 13 5
13 21 5
21 37 5
37 5 5
-------------------------------------------------------------------------
4 5 5
3 4 5
1 3 5
61 1 5
53 61 5
37 53 5
-------------------------------------------------------------------------
11 12 10
12 14 10
14 18 10
18 26 10
26 42 10
42 10 10
-------------------------------------------------------------------------
9 10 10
8 9 10
6 8 10
2 6 10
58 2 10
42 58 10
-------------------------------------------------------------------------
6 7 5
7 9 5
9 13 5
13 21 5
21 37 5
37 5 5
-------------------------------------------------------------------------
4 5 5
3 4 5
1 3 5
61 1 5
53 61 5
37 53 5
-------------------------------------------------------------------------
11 12 10
12 14 10
14 18 10
18 26 10
26 42 10
42 10 10
-------------------------------------------------------------------------
9 10 10
8 9 10
6 8 10
2 6 10
58 2 10
42 58 10
-------------------------------------------------------------------------
6 7 5
7 9 5
9 13 5
13 21 5
21 37 5
37 5 5
-------------------------------------------------------------------------
4 5 5
3 4 5
1 3 5
61 1 5
53 61 5
37 53 5
-------------------------------------------------------------------------
11 12 10
12 14 10
14 18 10
18 26 10
26 42 10
42 10 10
-------------------------------------------------------------------------
9 10 10
8 9 10
6 8 10
2 6 10
58 2 10
42 58 10
-------------------------------------------------------------------------
6 7 5
7 9 5
9 13 5
13 21 5
21 37 5
37 5 5
-------------------------------------------------------------------------
4 5 5
3 4 5
1 3 5
61 1 5
53 61 5
37 53 5
-------------------------------------------------------------------------
11 12 10
12 14 10
14 18 10
18 26 10
26 42 10
42 10 10
-------------------------------------------------------------------------
9 10 10
8 9 10
6 8 10
2 6 10
58 2 10
42 58 10
-------------------------------------------------------------------------
6 7 5
7 9 5
9 13 5
13 21 5
21 37 5
37 5 5
-------------------------------------------------------------------------
4 5 5
3 4 5
1 3 5
61 1 5
53 61 5
37 53 5
-------------------------------------------------------------------------
11 12 10
12 14 10
14 18 10
18 26 10
26 42 10
42 10 10
-------------------------------------------------------------------------
9 10 10
8 9 10
6 8 10
2 6 10
58 2 10
42 58 10
-------------------------------------------------------------------------
6 7 5
7 9 5
9 13 5
13 21 5
21 37 5
37 5 5
-------------------------------------------------------------------------
4 5 5
3 4 5
1 3 5
61 1 5
53 61 5
37 53 5
-------------------------------------------------------------------------
11 12 10
12 14 10
14 18 10
18 26 10
26 42 10
42 10 10
-------------------------------------------------------------------------
9 10 10
8 9 10
6 8 10
2 6 10
58 2 10
42 58 10
-------------------------------------------------------------------------
6 7 5
7 9 5
9 13 5
13 21 5
21 37 5
37 5 5
-------------------------------------------------------------------------
4 5 5
3 4 5
1 3 5
61 1 5
53 61 5
37 53 5
-------------------------------------------------------------------------
11 12 10
12 14 10
14 18 10
18 26 10
26 42 10
42 10 10
-------------------------------------------------------------------------
9 10 10
8 9 10
6 8 10
2 6 10
58 2 10
42 58 10
-------------------------------------------------------------------------
6 7 5
7 9 5
9 13 5
13 21 5
21 37 5
37 5 5
-------------------------------------------------------------------------
4 5 5
3 4 5
1 3 5
61 1 5
53 61 5
37 53 5
-------------------------------------------------------------------------
11 12 10
12 14 10
14 18 10
18 26 10
26 42 10
42 10 10
-------------------------------------------------------------------------
9 10 10
8 9 10
6 8 10
2 6 10
58 2 10
42 58 10
-------------------------------------------------------------------------
6 7 5
7 9 5
9 13 5
13 21 5
21 37 5
37 5 5
-------------------------------------------------------------------------
4 5 5
3 4 5
1 3 5
61 1 5
53 61 5
37 53 5
-------------------------------------------------------------------------
11 12 10
12 14 10
14 18 10
18 26 10
26 42 10
42 10 10
-------------------------------------------------------------------------
9 10 10
8 9 10
6 8 10
2 6 10
58 2 10
42 58 10
-------------------------------------------------------------------------
6 7 5
7 9 5
9 13 5
13 21 5
21 37 5
37 5 5
-------------------------------------------------------------------------
4 5 5
3 4 5
1 3 5
61 1 5
53 61 5
37 53 5
-------------------------------------------------------------------------
11 12 10
12 14 10
14 18 10
18 26 10
26 42 10
42 10 10
-------------------------------------------------------------------------
9 10 10
8 9 10
6 8 10
2 6 10
58 2 10
42 58 10
-------------------------------------------------------------------------
6 7 5
7 9 5
9 13 5
13 21 5
21 37 5
37 5 5
-------------------------------------------------------------------------
4 5 5
3 4 5
1 3 5
61 1 5
53 61 5
37 53 5
-------------------------------------------------------------------------
11 12 10
12 14 10
14 18 10
18 26 10
26 42 10
42 10 10
-------------------------------------------------------------------------
9 10 10
8 9 10
6 8 10
2 6 10
58 2 10
42 58 10
-------------------------------------------------------------------------
6 7 5
7 9 5
9 13 5
13 21 5
21 37 5
37 5 5
-------------------------------------------------------------------------
4 5 5
3 4 5
1 3 5
61 1 5
53 61 5
37 53 5
-------------------------------------------------------------------------
11 12 10
12 14 10
14 18 10
18 26 10
26 42 10
42 10 10
-------------------------------------------------------------------------
9 10 10
8 9 10
6 8 10
2 6 10
58 2 10
42 58 10
-------------------------------------------------------------------------
6 7 5
7 9 5
9 13 5
13 21 5
21 37 5
37 5 5
-------------------------------------------------------------------------
4 5 5
3 4 5
1 3 5
61 1 5
53 61 5
37 53 5
-------------------------------------------------------------------------
11 12 10
12 14 10
14 18 10
18 26 10
26 42 10
42 10 10
-------------------------------------------------------------------------
9 10 10
8 9 10
6 8 10
2 6 10
58 2 10
42 58 10
---------------------------09/06/17 11:32:19----------------------------------------------
4 5 5
3 4 5
1 3 5
61 1 5
53 61 5
37 53 5
---------------------------09/06/17 11:32:22----------------------------------------------
9 10 10
8 9 10
6 8 10
2 6 10
58 2 10
42 58 10
---------------------------09/06/17 11:35:50----------------------------------------------
6 7 5
7 9 5
9 13 5
13 21 5
21 37 5
37 5 5
---------------------------09/06/17 11:35:53----------------------------------------------
11 12 10
12 14 10
14 18 10
18 26 10
26 42 10
42 10 10
---------------------------09/06/17 11:37:43----------------------------------------------
6 7 5
7 9 5
9 13 5
13 21 5
21 37 5
37 5 5
---------------------------09/06/17 11:38:02----------------------------------------------
6 7 5
7 9 5
9 13 5
13 21 5
21 37 5
37 5 5
---------------------------09/06/17 11:38:05----------------------------------------------
11 12 10
12 14 10
14 18 10
18 26 10
26 42 10
42 10 10
---------------------------09/06/17 11:38:23----------------------------------------------
6 7 5
7 9 5
9 13 5
13 21 5
21 37 5
37 5 5
---------------------------09/06/17 11:38:26----------------------------------------------
11 12 10
12 14 10
14 18 10
18 26 10
26 42 10
42 10 10
---------------------------09/06/17 11:38:56----------------------------------------------
11 12 5
12 14 5
14 18 5
18 26 5
26 42 5
42 10 5
---------------------------09/06/17 11:39:03----------------------------------------------
6 7 10
7 9 10
9 13 10
13 21 5
21 37 5
37 5 5
---------------------------09/06/17 11:39:06----------------------------------------------
11 12 5
12 14 5
14 18 5
18 26 5
26 42 5
42 10 5
=======
>>>>>>> ee7bd536bc0e5ea9d9718c4db686361c083a473b
---------------------------09/06/17 13:02:40----------------------------------------------
6 7 5
7 9 5
9 13 5
13 21 5
21 37 5
37 5 5
---------------------------09/06/17 13:02:44----------------------------------------------
11 12 10
12 14 10
14 18 10
18 26 10
26 42 10
42 10 10
---------------------------09/06/17 13:03:40----------------------------------------------
6 7 10
7 9 10
9 13 10
13 21 5
21 37 5
37 5 5
---------------------------09/06/17 13:03:44----------------------------------------------
11 12 5
12 14 5
14 18 5
18 26 5
26 42 5
42 10 5
---------------------------09/06/17 13:03:50----------------------------------------------
6 7 10
7 9 10
9 13 10
13 21 5
21 37 5
37 5 5
---------------------------09/06/17 13:03:54----------------------------------------------
11 12 10
12 14 10
14 18 15
18 26 5
26 42 5
42 10 5
---------------------------09/06/17 13:04:00----------------------------------------------
6 7 10
7 9 10
9 13 10
13 21 15
21 37 5
37 5 5
---------------------------09/06/17 13:04:04----------------------------------------------
11 12 15
12 14 15
14 18 15
18 26 5
26 42 5
42 10 5
---------------------------09/06/17 13:04:10----------------------------------------------
6 7 10
7 9 10
9 13 10
13 21 15
21 37 5
37 5 5
---------------------------09/06/17 13:04:14----------------------------------------------
11 12 15
12 14 15
14 18 15
18 26 5
26 42 5
42 10 5
---------------------------09/06/17 13:04:20----------------------------------------------
6 7 10
7 9 10
9 13 10
13 21 15
21 37 5
37 5 5
---------------------------09/06/17 13:04:24----------------------------------------------
11 12 15
12 14 15
14 18 15
18 26 15
26 42 5
42 10 5
---------------------------09/06/17 13:04:30----------------------------------------------
6 7 10
7 9 10
9 13 10
13 21 15
21 37 5
37 5 5
---------------------------09/06/17 13:04:34----------------------------------------------
11 12 15
12 14 15
14 18 15
18 26 20
26 42 5
42 10 5
---------------------------09/06/17 13:04:40----------------------------------------------
6 7 10
7 9 10
9 13 10
13 21 15
21 37 5
37 5 5
---------------------------09/06/17 13:04:44----------------------------------------------
11 12 15
12 14 15
14 18 15
18 26 20
26 42 5
42 10 5
---------------------------09/06/17 13:04:50----------------------------------------------
6 7 10
7 9 10
9 13 10
13 21 15
21 37 5
37 5 5
---------------------------09/06/17 13:04:54----------------------------------------------
11 12 15
12 14 15
14 18 15
18 26 20
26 42 5
42 10 5
---------------------------09/06/17 13:05:00----------------------------------------------
6 7 10
7 9 10
9 13 10
13 21 15
21 37 5
37 5 5
---------------------------09/06/17 13:05:04----------------------------------------------
11 12 15
12 14 15
14 18 15
18 26 20
26 42 5
42 10 5
---------------------------09/06/17 13:05:10----------------------------------------------
6 7 10
7 9 10
9 13 10
13 21 15
21 37 5
37 5 5
---------------------------09/06/17 13:05:14----------------------------------------------
11 12 15
12 14 15
14 18 15
18 26 20
26 42 5
42 10 5
---------------------------09/06/17 13:05:20----------------------------------------------
6 7 10
7 9 10
9 13 10
13 21 15
21 37 5
37 5 5
---------------------------09/06/17 13:05:24----------------------------------------------
11 12 15
12 14 15
14 18 15
18 26 20
26 42 5
42 10 5
---------------------------09/06/17 13:05:30----------------------------------------------
6 7 10
7 9 10
9 13 10
13 21 15
21 37 5
37 5 5
---------------------------09/06/17 13:05:34----------------------------------------------
11 12 15
12 14 15
14 18 15
18 26 20
26 42 5
42 10 5
---------------------------09/06/17 13:05:40----------------------------------------------
6 7 10
7 9 10
9 13 10
13 21 15
21 37 5
37 5 5
---------------------------09/06/17 13:05:44----------------------------------------------
11 12 15
12 14 15
14 18 15
18 26 20
26 42 5
42 10 5
---------------------------09/06/17 13:05:50----------------------------------------------
6 7 10
7 9 10
9 13 10
13 21 15
21 37 5
37 5 5
---------------------------09/06/17 13:05:54----------------------------------------------
11 12 15
12 14 15
14 18 15
18 26 20
26 42 5
42 10 5
---------------------------09/06/17 13:06:00----------------------------------------------
6 7 10
7 9 10
9 13 10
13 21 15
21 37 5
37 5 5
---------------------------09/06/17 13:06:04----------------------------------------------
11 12 15
12 14 15
14 18 15
18 26 20
26 42 5
42 10 5
---------------------------09/06/17 13:06:10----------------------------------------------
6 7 10
7 9 10
9 13 10
13 21 15
21 37 5
37 5 5
---------------------------09/06/17 13:06:14----------------------------------------------
11 12 15
12 14 15
14 18 15
18 26 20
26 42 5
42 10 5
---------------------------09/06/17 13:06:20----------------------------------------------
6 7 10
7 9 10
9 13 10
13 21 15
21 37 5
37 5 5
---------------------------09/06/17 13:06:24----------------------------------------------
11 12 15
12 14 15
14 18 15
18 26 20
26 42 5
42 10 5
---------------------------09/06/17 13:06:30----------------------------------------------
6 7 10
7 9 10
9 13 10
13 21 15
21 37 5
37 5 5
---------------------------09/06/17 13:06:34----------------------------------------------
11 12 15
12 14 15
14 18 15
18 26 20
26 42 5
42 10 5
---------------------------09/06/17 13:06:40----------------------------------------------
6 7 10
7 9 10
9 13 10
13 21 15
21 37 5
37 5 5
---------------------------09/06/17 13:06:44----------------------------------------------
11 12 15
12 14 15
14 18 15
18 26 20
26 42 5
42 10 5
---------------------------09/06/17 13:06:50----------------------------------------------
6 7 10
7 9 10
9 13 10
13 21 15
21 37 5
37 5 5
---------------------------09/06/17 13:06:55----------------------------------------------
11 12 15
12 14 15
14 18 15
18 26 20
26 42 5
42 10 5
---------------------------09/06/17 13:07:00----------------------------------------------
6 7 10
7 9 10
9 13 10
13 21 15
21 37 5
37 5 5
---------------------------09/06/17 13:07:05----------------------------------------------
11 12 15
12 14 15
14 18 15
18 26 20
26 42 5
42 10 5
---------------------------09/06/17 13:07:11----------------------------------------------
6 7 10
7 9 10
9 13 10
13 21 15
21 37 5
37 5 5
---------------------------09/06/17 13:07:15----------------------------------------------
11 12 15
12 14 15
14 18 15
18 26 20
26 42 5
42 10 5
---------------------------09/06/17 13:49:45----------------------------------------------
2 3 1
3 5 1
5 9 1
9 17 1
17 33 1
33 1 1
---------------------------09/06/17 13:49:45----------------------------------------------
2 3 1
3 5 1
5 9 1
9 17 1
17 33 1
33 1 1
---------------------------09/06/17 13:49:50----------------------------------------------
9 10 8
10 12 8
12 16 8
16 24 8
24 40 8
40 8 8
---------------------------09/06/17 13:49:50----------------------------------------------
9 10 8
10 12 8
12 16 8
16 24 8
24 40 8
40 8 8
---------------------------09/06/17 13:49:57----------------------------------------------
15 16 14
16 18 14
18 22 14
22 30 14
30 46 14
46 14 14
---------------------------09/06/17 13:49:57----------------------------------------------
15 16 14
16 18 14
18 22 14
22 30 14
30 46 14
46 14 14
---------------------------09/06/17 13:50:20----------------------------------------------
9 10 1
10 12 1
12 16 1
16 24 1
24 40 1
40 8 1
---------------------------09/06/17 13:50:25----------------------------------------------
2 3 8
3 5 8
5 9 8
9 17 1
17 33 1
33 1 1
---------------------------09/06/17 13:50:30----------------------------------------------
9 10 1
10 12 1
12 16 1
16 24 1
24 40 1
40 8 1
---------------------------09/06/17 13:50:35----------------------------------------------
2 3 8
3 5 8
5 9 8
9 17 14
17 33 1
33 1 1
---------------------------09/06/17 13:50:37----------------------------------------------
15 16 1
16 18 1
18 22 1
22 30 1
30 46 1
46 14 1
---------------------------09/06/17 13:50:40----------------------------------------------
9 10 8
10 12 14
12 16 14
16 24 1
24 40 1
40 8 1
---------------------------09/06/17 13:50:45----------------------------------------------
2 3 8
3 5 8
5 9 8
9 17 14
17 33 1
33 1 1
---------------------------09/06/17 13:50:47----------------------------------------------
15 16 1
16 18 1
18 22 1
22 30 1
30 46 1
46 14 1
---------------------------09/06/17 13:50:50----------------------------------------------
9 10 14
10 12 14
12 16 14
16 24 1
24 40 1
40 8 1
---------------------------09/06/17 13:50:55----------------------------------------------
2 3 8
3 5 8
5 9 8
9 17 14
17 33 1
33 1 1
---------------------------09/06/17 13:50:57----------------------------------------------
15 16 1
16 18 1
18 22 1
22 30 1
30 46 1
46 14 1
---------------------------09/06/17 13:51:00----------------------------------------------
9 10 14
10 12 14
12 16 14
16 24 1
24 40 1
40 8 1
---------------------------09/06/17 13:51:05----------------------------------------------
2 3 8
3 5 8
5 9 8
9 17 14
17 33 1
33 1 1
---------------------------09/06/17 13:51:07----------------------------------------------
15 16 1
16 18 1
18 22 1
22 30 1
30 46 1
46 14 1
---------------------------09/06/17 13:51:10----------------------------------------------
9 10 14
10 12 14
12 16 14
16 24 1
24 40 1
40 8 1
---------------------------09/06/17 13:51:15----------------------------------------------
2 3 8
3 5 8
5 9 8
9 17 14
17 33 1
33 1 1
---------------------------09/06/17 13:51:17----------------------------------------------
15 16 1
16 18 1
18 22 1
22 30 1
30 46 1
46 14 1
---------------------------09/06/17 13:51:20----------------------------------------------
9 10 14
10 12 14
12 16 14
16 24 1
24 40 1
40 8 1
---------------------------09/06/17 13:51:25----------------------------------------------
2 3 8
3 5 8
5 9 8
9 17 14
17 33 1
33 1 1
---------------------------09/06/17 13:51:27----------------------------------------------
15 16 1
16 18 1
18 22 1
22 30 1
30 46 1
46 14 1
---------------------------09/06/17 13:51:30----------------------------------------------
9 10 14
10 12 14
12 16 14
16 24 1
24 40 1
40 8 1
---------------------------09/06/17 13:51:35----------------------------------------------
2 3 8
3 5 8
5 9 8
9 17 14
17 33 1
33 1 1
---------------------------09/06/17 13:51:37----------------------------------------------
15 16 1
16 18 1
18 22 1
22 30 1
30 46 1
46 14 1
---------------------------09/06/17 13:51:40----------------------------------------------
9 10 14
10 12 14
12 16 14
16 24 1
24 40 1
40 8 1
---------------------------09/06/17 13:51:45----------------------------------------------
2 3 8
3 5 8
5 9 8
9 17 14
17 33 1
33 1 1
---------------------------09/06/17 13:51:47----------------------------------------------
15 16 1
16 18 1
18 22 1
22 30 1
30 46 1
46 14 1
---------------------------09/06/17 13:51:51----------------------------------------------
9 10 14
10 12 14
12 16 14
16 24 1
24 40 1
40 8 1
---------------------------09/06/17 13:51:55----------------------------------------------
2 3 8
3 5 8
5 9 8
9 17 14
17 33 1
33 1 1
---------------------------09/06/17 13:51:57----------------------------------------------
15 16 1
16 18 1
18 22 1
22 30 1
30 46 1
46 14 1
---------------------------09/06/17 13:52:01----------------------------------------------
9 10 14
10 12 14
12 16 14
16 24 1
24 40 1
40 8 1
---------------------------09/06/17 13:52:05----------------------------------------------
2 3 8
3 5 8
5 9 8
9 17 14
17 33 1
33 1 1
---------------------------09/06/17 13:52:07----------------------------------------------
15 16 1
16 18 1
18 22 1
22 30 1
30 46 1
46 14 1
---------------------------09/06/17 13:52:11----------------------------------------------
9 10 14
10 12 14
12 16 14
16 24 1
24 40 1
40 8 1
---------------------------09/06/17 13:52:15----------------------------------------------
2 3 8
3 5 8
5 9 8
9 17 14
17 33 1
33 1 1
---------------------------09/06/17 13:52:17----------------------------------------------
15 16 1
16 18 1
18 22 1
22 30 1
30 46 1
46 14 1
---------------------------09/06/17 13:52:21----------------------------------------------
9 10 14
10 12 14
12 16 14
16 24 1
24 40 1
40 8 1
---------------------------09/06/17 13:52:25----------------------------------------------
2 3 8
3 5 8
5 9 8
9 17 14
17 33 1
33 1 1
---------------------------09/06/17 13:52:27----------------------------------------------
15 16 1
16 18 1
18 22 1
22 30 1
30 46 1
46 14 1
---------------------------09/06/17 13:52:31----------------------------------------------
9 10 14
10 12 14
12 16 14
16 24 1
24 40 1
40 8 1
---------------------------09/06/17 13:52:35----------------------------------------------
2 3 8
3 5 8
5 9 8
9 17 14
17 33 1
33 1 1
---------------------------09/06/17 13:52:37----------------------------------------------
15 16 1
16 18 1
18 22 1
22 30 1
30 46 1
46 14 1
---------------------------09/06/17 13:52:41----------------------------------------------
9 10 14
10 12 14
12 16 14
16 24 1
24 40 1
40 8 1
---------------------------09/06/17 13:52:45----------------------------------------------
2 3 8
3 5 8
5 9 8
9 17 14
17 33 1
33 1 1
---------------------------09/06/17 13:52:47----------------------------------------------
15 16 1
16 18 1
18 22 1
22 30 1
30 46 1
46 14 1
---------------------------09/06/17 13:52:51----------------------------------------------
9 10 14
10 12 14
12 16 14
16 24 1
24 40 1
40 8 1
---------------------------09/06/17 13:52:55----------------------------------------------
2 3 8
3 5 8
5 9 8
9 17 14
17 33 1
33 1 1
---------------------------09/06/17 13:52:57----------------------------------------------
15 16 1
16 18 1
18 22 1
22 30 1
30 46 1
46 14 1
---------------------------09/06/17 13:53:01----------------------------------------------
9 10 14
10 12 14
12 16 14
16 24 1
24 40 1
40 8 1
---------------------------09/06/17 13:53:05----------------------------------------------
2 3 8
3 5 8
5 9 8
9 17 14
17 33 1
33 1 1
---------------------------09/06/17 13:53:07----------------------------------------------
15 16 1
16 18 1
18 22 1
22 30 1
30 46 1
46 14 1
---------------------------09/06/17 13:53:11----------------------------------------------
9 10 14
10 12 14
12 16 14
16 24 1
24 40 1
40 8 1
---------------------------09/06/17 13:53:15----------------------------------------------
2 3 8
3 5 8
5 9 8
9 17 14
17 33 1
33 1 1
---------------------------09/06/17 13:53:17----------------------------------------------
15 16 1
16 18 1
18 22 1
22 30 1
30 46 1
46 14 1
---------------------------09/06/17 13:53:21----------------------------------------------
9 10 14
10 12 14
12 16 14
16 24 1
24 40 1
40 8 1
---------------------------09/06/17 13:53:25----------------------------------------------
2 3 8
3 5 8
5 9 8
9 17 14
17 33 1
33 1 1
---------------------------09/06/17 13:53:27----------------------------------------------
15 16 1
16 18 1
18 22 1
22 30 1
30 46 1
46 14 1
---------------------------09/06/17 13:53:31----------------------------------------------
9 10 14
10 12 14
12 16 14
16 24 1
24 40 1
40 8 1
---------------------------09/06/17 13:53:35----------------------------------------------
2 3 8
3 5 8
5 9 8
9 17 14
17 33 1
33 1 1
---------------------------09/06/17 13:53:38----------------------------------------------
15 16 1
16 18 1
18 22 1
22 30 1
30 46 1
46 14 1
---------------------------09/06/17 13:53:41----------------------------------------------
9 10 14
10 12 14
12 16 14
16 24 1
24 40 1
40 8 1
---------------------------09/06/17 13:53:45----------------------------------------------
2 3 8
3 5 8
5 9 8
9 17 14
17 33 1
33 1 1
---------------------------09/06/17 13:53:48----------------------------------------------
15 16 1
16 18 1
18 22 1
22 30 1
30 46 1
46 14 1
---------------------------09/06/17 13:53:51----------------------------------------------
9 10 14
10 12 14
12 16 14
16 24 1
24 40 1
40 8 1
---------------------------09/06/17 13:53:55----------------------------------------------
2 3 8
3 5 8
5 9 8
9 17 14
17 33 1
33 1 1
---------------------------09/06/17 13:53:58----------------------------------------------
15 16 1
16 18 1
18 22 1
22 30 1
30 46 1
46 14 1
---------------------------09/06/17 13:54:01----------------------------------------------
9 10 14
10 12 14
12 16 14
16 24 1
24 40 1
40 8 1
---------------------------09/06/17 13:54:05----------------------------------------------
2 3 8
3 5 8
5 9 8
9 17 14
17 33 1
33 1 1
---------------------------09/06/17 13:54:08----------------------------------------------
15 16 1
16 18 1
18 22 1
22 30 1
30 46 1
46 14 1
---------------------------09/06/17 13:54:11----------------------------------------------
9 10 14
10 12 14
12 16 14
16 24 1
24 40 1
40 8 1
---------------------------09/06/17 13:54:15----------------------------------------------
2 3 8
3 5 8
5 9 8
9 17 14
17 33 1
33 1 1
---------------------------09/06/17 13:54:18----------------------------------------------
15 16 1
16 18 1
18 22 1
22 30 1
30 46 1
46 14 1
---------------------------09/06/17 16:03:23----------------------------------------------
2 3 1
3 5 1
5 9 1
9 17 1
17 33 1
33 1 1
---------------------------09/06/17 16:03:27----------------------------------------------
9 10 8
10 12 8
12 16 8
16 24 8
24 40 8
40 8 8
---------------------------09/06/17 16:03:34----------------------------------------------
15 16 14
16 18 14
18 22 14
22 30 14
30 46 14
46 14 14
---------------------------09/06/17 16:14:14----------------------------------------------
2 3 1
3 5 1
5 9 1
9 17 1
17 33 1
33 1 1
---------------------------09/06/17 16:14:14----------------------------------------------
2 3 1
3 5 1
5 9 1
9 17 1
17 33 1
33 1 1
---------------------------09/06/17 16:14:17----------------------------------------------
9 10 8
10 12 8
12 16 8
16 24 8
24 40 8
40 8 8
---------------------------09/06/17 16:14:17----------------------------------------------
9 10 8
10 12 8
12 16 8
16 24 8
24 40 8
40 8 8
---------------------------09/06/17 16:14:21----------------------------------------------
15 16 14
16 18 14
18 22 14
22 30 14
30 46 14
46 14 14
---------------------------09/06/17 16:14:21----------------------------------------------
15 16 14
16 18 14
18 22 14
22 30 14
30 46 14
46 14 14
---------------------------09/06/17 16:15:34----------------------------------------------
2 3 8
3 5 8
5 9 8
9 17 14
17 33 1
33 1 1
---------------------------09/06/17 16:15:37----------------------------------------------
9 10 8
10 12 14
12 16 14
16 24 1
24 40 1
40 8 1
---------------------------09/06/17 16:15:41----------------------------------------------
15 16 1
16 18 1
18 22 1
22 30 1
30 46 1
46 14 1
---------------------------09/06/17 16:15:51----------------------------------------------
15 16 1
16 18 1
18 22 1
22 30 1
30 46 1
46 14 1
---------------------------09/06/17 16:16:12----------------------------------------------
2 3 8
3 5 8
5 9 8
9 17 14
17 33 14
33 1 1
=======
>>>>>>> 30de4c2f89590d45e4ad8ed92d4f2ab64b3f83e9
